1     H     1.00794        82.02     80.26
1     D     2.0141         7.64      2.05
2     He    4.002602       1.34      0.0
3     Li    6.941          1.37      0.92
4     Be    9.012182       7.63      0.0018
5     B     10.811         5.24      1.7
6     C     12.0107        5.551     0.001
7     N     14.0067        11.51     0.5
8     O     15.9994        4.232     0.0008
9     F     18.9984032     4.018     0.0008
10    Ne    20.1797        2.628     0.008
11    Na    22.98976928    3.28      1.62
12    Mg    24.3050        3.71      0.08
13    Al    26.9815386     1.503     0.0082
14    Si    28.0855        2.167     0.004
15    P     30.973762      3.312     0.005
16    S     32.065         1.026     0.007
17    Cl    35.453         16.8      5.3
18    Ar    39.948         0.683     0.225
19    K     39.0983        1.96      0.27
20    Ca    40.078         2.83      0.05
21    Sc    44.955912      23.5      4.5
22    Ti    47.867         4.35      2.87
23    V     50.9415        5.1       5.08
24    Cr    51.9961        3.49      1.83
25    Mn    54.938045      2.15      0.4
26    Fe    55.845         11.62     0.4
27    Co    58.933195      5.6       4.8
28    Ni    58.6934        18.5      5.2
29    Cu    63.546         8.03      0.55
30    Zn    65.38          4.131     0.077
31    Ga    69.723         6.83      0.16
32    Ge    72.64          8.6       0.18
33    As    74.92160       5.5       0.06
34    Se    78.96          8.3       0.32
35    Br    79.904         5.9       0.1
36    Kr    83.798         7.68      0.01
37    Rb    85.4678        6.8       0.5
38    Sr    87.62          6.25      0.06
39    Y     88.90585       7.7       0.15
40    Zr    91.224         6.46      0.02
41    Nb    92.90638       6.255     0.0024
42    Mo    95.96          5.71      0.04
43    Tc    98.0           6.3       0.5
44    Ru    101.07         6.6       0.4
45    Rh    102.90550      4.6       0.3
46    Pd    106.42         4.48      0.093
47    Ag    107.8682       4.99      0.58
48    Cd    112.411        6.5       3.46
49    In    114.818        2.62      0.54
50    Sn    118.710        4.892     0.022
51    Sb    121.760        3.9       0.007
52    Te    127.60         4.32      0.09
53    I     126.90447      3.81      0.31
55    Cs    132.9          3.9       0.21
56    Ba    137.33         3.38      0.15
57    La    138.91         9.66      1.13
74    W     183.84         4.6       1.63
79    Au    196.97         7.75      0.43
82    Pb    207.2          11.118    0.003
101   D     2.0141         7.64      2.05
102   H:2     1.00794         0.0      0.0
